function [H N CA C O CB CG SD CE CD NE2 OE1 CD1 CD2 CE1 CE2 CZ OH NZ CG1 CG2 ND2 OD1 OG1 OE2 OD2 CE3 NE1 CZ2 CZ3 CH2 OXT ] = atom_positions()
	H = zeros(56, 3);
	H(1, :) = [-0.233000, 28.781000, 26.208000];
	H(2, :) = [-0.564000, 28.448000, 21.908000];
	H(3, :) = [-0.578000, 24.009000, 20.960000];
	H(4, :) = [2.089000, 22.885000, 17.645000];
	H(5, :) = [-0.411000, 19.615000, 15.911000];
	H(6, :) = [2.716000, 17.883000, 13.557000];
	H(7, :) = [-0.097000, 15.622000, 11.082000];
	H(8, :) = [2.540000, 12.163000, 10.579000];
	H(9, :) = [0.685000, 10.122000, 9.644000];
	H(10, :) = [1.718000, 5.662000, 9.190000];
	H(11, :) = [-1.023000, 5.338000, 8.807000];
	H(12, :) = [-1.949000, 6.979000, 9.625000];
	H(13, :) = [-4.151000, 10.658000, 8.672000];
	H(14, :) = [-1.704000, 14.347000, 8.642000];
	H(15, :) = [-4.504000, 17.160000, 10.660000];
	H(16, :) = [-2.289000, 18.354000, 14.210000];
	H(17, :) = [-5.090000, 20.251000, 17.048000];
	H(18, :) = [-2.175000, 21.908000, 20.033000];
	H(19, :) = [-4.465000, 22.428000, 23.701000];
	H(20, :) = [-0.906000, 24.696000, 25.171000];
	H(21, :) = [0.567000, 23.317000, 29.128000];
	H(22, :) = [2.967000, 23.429000, 28.109000];
	H(23, :) = [6.866000, 23.803000, 26.232000];
	H(24, :) = [7.419000, 21.412000, 27.121000];
	H(25, :) = [5.168000, 20.453000, 28.047000];
	H(26, :) = [3.511000, 20.377000, 26.051000];
	H(27, :) = [4.844000, 18.418000, 24.626000];
	H(28, :) = [4.288000, 16.071000, 26.032000];
	H(29, :) = [1.577000, 15.878000, 25.699000];
	H(30, :) = [1.448000, 15.525000, 22.908000];
	H(31, :) = [2.830000, 13.222000, 22.557000];
	H(32, :) = [1.322000, 11.469000, 23.844000];
	H(33, :) = [-0.952000, 11.488000, 22.363000];
	H(34, :) = [0.021000, 10.574000, 19.890000];
	H(35, :) = [0.827000, 8.039000, 20.544000];
	H(36, :) = [-1.685000, 6.959000, 21.162000];
	H(37, :) = [-2.668000, 6.608000, 18.785000];
	H(38, :) = [-1.870000, 4.338000, 18.017000];
	H(39, :) = [-0.205000, 5.600000, 16.451000];
	H(40, :) = [3.429000, 4.527000, 14.212000];
	H(41, :) = [6.208000, 6.787000, 15.756000];
	H(42, :) = [8.613000, 8.539000, 12.623000];
	H(43, :) = [10.899000, 11.287000, 15.497000];
	H(44, :) = [8.982000, 15.193000, 14.657000];
	H(45, :) = [11.497000, 18.495000, 16.290000];
	H(46, :) = [8.929000, 21.810000, 16.242000];
	H(47, :) = [11.865000, 24.348000, 17.973000];
	H(48, :) = [11.046000, 26.629000, 16.907000];
	H(49, :) = [8.890000, 26.692000, 15.815000];
	H(50, :) = [7.382000, 26.249000, 17.482000];
	H(51, :) = [6.650000, 23.828000, 16.420000];
	H(52, :) = [4.280000, 20.245000, 16.337000];
	H(53, :) = [7.078000, 16.967000, 14.913000];
	H(54, :) = [4.308000, 14.178000, 12.878000];
	H(55, :) = [6.950000, 10.752000, 12.331000];
	H(56, :) = [4.904000, 8.412000, 9.418000];
	N = zeros(56, 3);
	N(1, :) = [-0.289000, 27.922000, 25.680000];
	N(2, :) = [-0.638000, 27.472000, 22.156000];
	N(3, :) = [0.190000, 24.479000, 20.503000];
	N(4, :) = [1.131000, 22.569000, 17.703000];
	N(5, :) = [0.594000, 19.513000, 15.914000];
	N(6, :) = [1.773000, 17.751000, 13.219000];
	N(7, :) = [0.712000, 15.097000, 11.383000];
	N(8, :) = [1.959000, 12.347000, 9.773000];
	N(9, :) = [1.489000, 9.590000, 9.345000];
	N(10, :) = [1.352000, 6.076000, 8.344000];
	N(11, :) = [-1.317000, 5.449000, 7.847000];
	N(12, :) = [-2.768000, 7.424000, 9.235000];
	N(13, :) = [-3.160000, 10.771000, 8.829000];
	N(14, :) = [-2.708000, 14.353000, 8.755000];
	N(15, :) = [-3.505000, 17.202000, 10.800000];
	N(16, :) = [-3.296000, 18.381000, 14.141000];
	N(17, :) = [-4.087000, 20.370000, 17.031000];
	N(18, :) = [-3.047000, 21.477000, 20.307000];
	N(19, :) = [-3.629000, 22.957000, 23.497000];
	N(20, :) = [-1.268000, 23.960000, 25.761000];
	N(21, :) = [0.810000, 24.202000, 28.706000];
	N(22, :) = [3.538000, 24.252000, 28.236000];
	N(23, :) = [6.148000, 23.132000, 25.999000];
	N(24, :) = [7.088000, 20.606000, 26.611000];
	N(25, :) = [4.963000, 19.474000, 27.904000];
	N(26, :) = [3.020000, 19.508000, 25.897000];
	N(27, :) = [4.288000, 17.725000, 24.145000];
	N(28, :) = [4.045000, 15.261000, 25.480000];
	N(29, :) = [1.237000, 14.967000, 25.426000];
	N(30, :) = [0.837000, 14.780000, 22.605000];
	N(31, :) = [2.438000, 12.552000, 21.911000];
	N(32, :) = [1.172000, 10.586000, 23.377000];
	N(33, :) = [-1.346000, 10.598000, 22.094000];
	N(34, :) = [-0.561000, 9.873000, 19.455000];
	N(35, :) = [0.467000, 7.305000, 19.951000];
	N(36, :) = [-1.871000, 6.010000, 20.870000];
	N(37, :) = [-3.394000, 5.927000, 18.613000];
	N(38, :) = [-2.013000, 4.198000, 17.027000];
	N(39, :) = [0.273000, 5.060000, 15.743000];
	N(40, :) = [3.612000, 4.858000, 15.149000];
	N(41, :) = [6.417000, 6.320000, 14.885000];
	N(42, :) = [8.929000, 8.590000, 13.581000];
	N(43, :) = [10.041000, 11.625000, 15.085000];
	N(44, :) = [9.932000, 15.191000, 15.001000];
	N(45, :) = [10.496000, 18.477000, 16.424000];
	N(46, :) = [9.924000, 21.907000, 16.387000];
	N(47, :) = [10.898000, 24.627000, 18.061000];
	N(48, :) = [10.524000, 27.276000, 17.481000];
	N(49, :) = [8.303000, 27.512000, 15.865000];
	N(50, :) = [6.411000, 26.106000, 17.246000];
	N(51, :) = [5.690000, 23.549000, 16.562000];
	N(52, :) = [5.264000, 20.117000, 16.150000];
	N(53, :) = [6.176000, 17.096000, 14.478000];
	N(54, :) = [5.162000, 13.878000, 13.326000];
	N(55, :) = [6.192000, 10.959000, 11.696000];
	N(56, :) = [5.746000, 8.050000, 9.841000];
	CA = zeros(56, 3);
	CA(1, :) = [0.136000, 28.162000, 24.322000];
	CA(2, :) = [-1.050000, 26.463000, 21.142000];
	CA(3, :) = [1.163000, 23.650000, 19.850000];
	CA(4, :) = [0.570000, 21.841000, 16.579000];
	CA(5, :) = [1.145000, 18.240000, 15.473000];
	CA(6, :) = [1.583000, 17.293000, 11.835000];
	CA(7, :) = [0.641000, 13.649000, 11.297000];
	CA(8, :) = [2.270000, 11.691000, 8.501000];
	CA(9, :) = [1.491000, 8.159000, 9.547000];
	CA(10, :) = [0.999000, 5.235000, 7.211000];
	CA(11, :) = [-2.725000, 5.685000, 7.473000];
	CA(12, :) = [-3.308000, 8.605000, 9.907000];
	CA(13, :) = [-2.524000, 11.968000, 8.335000];
	CA(14, :) = [-3.380000, 15.633000, 8.958000];
	CA(15, :) = [-2.984000, 18.079000, 11.801000];
	CA(16, :) = [-4.107000, 18.650000, 15.327000];
	CA(17, :) = [-3.470000, 21.312000, 17.944000];
	CA(18, :) = [-3.378000, 21.360000, 21.736000];
	CA(19, :) = [-3.282000, 24.057000, 24.382000];
	CA(20, :) = [-0.431000, 23.409000, 26.822000];
	CA(21, :) = [1.614000, 25.198000, 29.434000];
	CA(22, :) = [4.905000, 24.230000, 27.704000];
	CA(23, :) = [6.354000, 22.187000, 24.881000];
	CA(24, :) = [7.250000, 19.284000, 27.182000];
	CA(25, :) = [3.643000, 18.953000, 28.170000];
	CA(26, :) = [2.417000, 19.199000, 24.588000];
	CA(27, :) = [4.940000, 16.521000, 23.637000];
	CA(28, :) = [3.415000, 14.121000, 26.146000];
	CA(29, :) = [-0.103000, 14.848000, 24.864000];
	CA(30, :) = [0.906000, 14.303000, 21.230000];
	CA(31, :) = [2.985000, 11.186000, 21.837000];
	CA(32, :) = [0.097000, 9.686000, 23.810000];
	CA(33, :) = [-2.324000, 10.581000, 21.019000];
	CA(34, :) = [-0.022000, 9.057000, 18.368000];
	CA(35, :) = [0.507000, 5.899000, 20.409000];
	CA(36, :) = [-3.230000, 5.482000, 21.007000];
	CA(37, :) = [-3.865000, 5.764000, 17.234000];
	CA(38, :) = [-1.181000, 3.219000, 16.365000];
	CA(39, :) = [1.350000, 5.659000, 14.992000];
	CA(40, :) = [4.924000, 4.584000, 15.677000];
	CA(41, :) = [7.188000, 7.020000, 13.918000];
	CA(42, :) = [10.036000, 9.521000, 13.915000];
	CA(43, :) = [9.501000, 12.877000, 15.562000];
	CA(44, :) = [10.632000, 16.462000, 15.102000];
	CA(45, :) = [9.864000, 19.584000, 17.121000];
	CA(46, :) = [10.550000, 23.179000, 16.164000];
	CA(47, :) = [10.491000, 25.512000, 19.156000];
	CA(48, :) = [10.222000, 28.606000, 16.961000];
	CA(49, :) = [6.966000, 27.441000, 15.291000];
	CA(50, :) = [5.608000, 25.362000, 18.178000];
	CA(51, :) = [5.138000, 22.463000, 15.743000];
	CA(52, :) = [5.759000, 18.766000, 16.210000];
	CA(53, :) = [5.765000, 16.218000, 13.377000];
	CA(54, :) = [5.447000, 12.450000, 13.460000];
	CA(55, :) = [6.221000, 10.355000, 10.371000];
	CA(56, :) = [6.035000, 6.627000, 9.727000];
